S=[150 150 150 160];
S=S+10
S=S+(S*0.1)
